822321635976675328
760179448821186631
829140268069552128
235088799074484224
786994169624658002
797978242409693255
764251951374270475
489388290860908544
703392874762600459
766050481717641216
807805685412659242
751526254796079145
732410956122161194
705867310128300062
550613223733329920
747867137665925272
302050872383242240
796827596951257091
422380380990078977
773782963175292979
769259354112655391
727808530731630623
473026930166202401
734871104299991121
701292177317298338
806761985605500948
796008678984908810
273620617008250881
749197780857126922
703247812506157056
807637310694621235
695769946780729404
718459003092336690
380145070550024192
787044429038092330
795677574993805322
155149108183695360
664720012090671104
487757126509527040
690080479851970612
768328849682726933
716512729828950016
250008995035611146
701655960883560538
720307461600575559
772817104839245894
735367671050272768
516339309956300812
757875125260648468
302915036492333067
788584219542290442
643489835923013642
736294667725045800
716967712844414996
525898840750948362
657493935815655435
479783950097711120
450002763963826196
733047171359834133
737599848164884539
777932857871040534
774216065538195497
758490621303586827
785677554262474773
767263683717365760
758823679655411722
775591169626865665
704525311169134612
543427759486271490
710563879561986179
774073479205093436
758762571553046590
736071353295437858
739551685856329829
584418688581500928
761246306584100935
746165750087024680
792071543696916521
439205512425504771
501123369865969689
649374875957460993
807887346510594070
756350807993090059
793167264539082814
726213631276220459
711643516811345972
802783841537622046
756921610321264680
604316081997217810
535230717626679297
795677678862073886
234395307759108106
797103855515074593
462995855868166144
398979526614450177
738172265367076984
742065536501809172
800916007841038357
825958686844387338
801601314995961906
804547953082630156
703451258845134960
771519875679256659
559846754330083348
525170314657660929
458276816071950337
804200521107898408
760755351699587094
649659409454202909
776281553101651989
809131228967862313
809857489091952710
731010943005491222
699514982760448121
682719479611785249
473370418007244852
709827684888215582
767467829221392385
729532950583967754
757531698115248179
763114594704687176
544435141855150083
766104310815129631
701634638048919583
